2026-06

d, 俊峰河畔, RiverSide, 校友广场, 推广专区
1 , 1116, 735 , 16  ,
2 , 1198, 645 , 18  , 1
3 , 1183, 668 , 13  , 2
4 , 1830, 683 , 30  , 1
5 , 1330, 816 , 25  ,
6 , 1147, 410 , 29  ,
7 , 887 , 492 , 4   , 1
8 , 1270, 644 , 17  , 1
9 , 1806, 775 , 14  ,
10, 1948, 595 , 1   ,
11, 1308, 679 , 22  ,
12, 1290, 743 , 27  ,
13, 1187, 393 , 20  ,
14, 1209, 381 , 6   ,
15, 1526, 552 , 7   , 1
16, 1415, 625 , 10  ,
17, 1671, 688 , 24  ,
18, 1419, 897 , 17  ,
19, 1042, 637 , 5   ,
20, 1028, 494 , 10  ,
21, 1133, 742 , 11  ,
22, 1678, 798 , 26  , 1
23, 1884, 942 , 12  , 3
24, 2279, 1317, 43  , 3
25, 2505, 1104, 94  , 5
26, 2768, 1013, 35  ,
27, 2363, 679 , 37  , 5

d, f1 摩纳哥大奖赛
6, 34

d, F1 摩纳哥正赛 test
7, 63
8, 1

d, 明年能直播勒芒吗
14, 10

d, F1 西班牙 正赛
14, 5
