2026-05

d, 俊峰河畔, RiverSide, 校友广场, 推广专区
1 , 836 , 332 , 17  ,
2 , 764 , 320 , 20  ,
3 , 757 , 304 , 25  ,
4 , 671 , 325 , 13  ,
5 , 821 , 425 , 12  , 1
6 , 1210, 837 , 34  , 1
7 , 1257, 610 , 28  , 1
8 , 1256, 841 , 19  ,
9 , 1126, 620 , 33  ,
10, 1152, 564 , 55  , 1
11, 1439, 957 , 66  ,
12, 1363, 930 , 90  ,
13, 1240, 997 , 54  ,
14, 831 , 867 , 28  , 1
15, 727 , 656 , 18  ,
16, 469 , 353 , 21  ,
17, 474 , 580 , 99  ,
18, 688 , 875 , 24  ,
19, 695 , 652 , 30  ,
20, 788 , 979 , 40  ,
21, 881 , 860 , 15  ,
