2026-03

d, 俊峰河畔, RiverSide, 校友广场, 推广专区
1 , 1456, 611 , 216 , 3
2 , 1688, 1460, 258 , 6
3 , 1744, 1552, 322 , 2
4 , 1925, 1681, 188 , 6
5 , 1702, 1491, 364 , 4
6 , 1388, 1500, 207 , 1
7 , 924 , 542 , 55  ,
8 , 928 , 1148, 108 ,
9 , 1578, 1446, 110 , 2
10, 1382, 1238, 66  , 4
11, 1410, 1434, 116 ,
12, 1460, 1305, 214 ,
13, 1546, 1423, 251 ,
14, 1130, 467 , 31  , 1
15, 1104, 586 , 38  ,
16, 1229, 1230, 83  , 1
17, 1375, 1558, 103 ,
18, 1314, 1852, 117 ,
19, 1288, 2012, 219 , 4
20, 1331, 1523, 296 ,
21, 926 , 655 , 14  ,
22, 1036, 575 , 50  , 2
23, 1371, 1264, 65  , 1
24, 1480, 1425, 101 , 1

d, [直播] BLG vs BFX 全球先锋赛
17, 43

d, 【直播】G2 vs BLG 全球先锋赛
22, 77
23, 62
