2026-02

d, 俊峰河畔, RiverSide, 校友广场, 二手交流
1 , 921 , 845 , 265 , 132
2 , 825 , 1084, 343 , 23
3 , 627 , 1153, 504 , 9
4 , 678 , 1095, 505 , 26
5 , 865 , 1150, 205 , 39
6 , 713 , 1168, 436 , 27
7 , 510 , 632 , 94  , 14
8 , 555 , 701 , 222 , 16
9 , 551 , 660 , 397 , 10
10, 554 , 1009, 472 , 14
11, 484 , 853 , 479 , 13
12, 546 , 1079, 1371, 15
13, 497 , 1035, 915 , 8
14, 461 , 663 , 653 , 6
15, 460 , 558 , 469 , 11
16, 1064, 425 , 463 , 13
17, 650 , 422 , 87  , 0
18, 625 , 476 , 80  , 0
19, 2731, 420 , 208 , 0

d, LPL 赛事直播间
7, 18

d, [吐槽]春晚直播间
16, 388
17, 13
